---
build/images/c2a.png: 2017-12-11 19:19:51.795896851 -08:00
build/images/title-top.png: 2017-12-11 19:19:51.818922261 -08:00
build/images/title-top@2x.png: 2017-12-11 19:19:51.819202205 -08:00
build/images/logo.png: 2017-12-11 19:19:51.817304814 -08:00
build/images/testimonials.png: 2017-12-11 19:19:51.818483698 -08:00
build/images/subscribe2.png: 2017-12-11 19:19:51.818148565 -08:00
build/images/hero-img9.jpg: 2017-12-11 19:19:51.817053561 -08:00
build/images/funfact4.png: 2017-12-11 19:19:51.815175464 -08:00
build/images/testimonials2.png: 2017-12-11 19:19:51.818744678 -08:00
build/images/diapo1.jpg: 2017-12-11 19:19:51.812152187 -08:00
build/images/diapo2.jpg: 2017-12-11 19:19:51.814643101 -08:00
build/apple-touch-icon-114x114-precomposed.png: 2018-04-17 10:18:16.811674346 -07:00
build/apple-touch-icon-152x152-precomposed.png: 2018-04-17 10:18:16.804231782 -07:00
build/favicon.png: 2018-04-17 10:18:16.810208184 -07:00
build/apple-touch-icon-72x72-precomposed.png: 2018-04-17 10:18:16.958463936 -07:00
build/photos/Logo_Parc_national_du_Mont-Orford.png: 2017-12-11 19:19:51.827386702
  -08:00
build/photos/ski_de_fond_diapo_2.jpg: 2017-12-11 19:19:51.839443159 -08:00
build/photos/ecoledeskidefondlecoureur.png: 2017-12-11 19:19:51.827825412 -08:00
build/photos/moniteur/annie.jpg: 2017-12-11 19:19:51.828588539 -08:00
build/photos/moniteur/isa.jpg: 2017-12-11 19:19:51.830343243 -08:00
build/photos/moniteur/jf.png: 2017-12-11 19:19:51.831554561 -08:00
build/photos/moniteur/michel.jpg: 2017-12-11 19:19:51.832208765 -08:00
build/photos/moniteur/carmen.jpg: 2017-12-11 19:19:51.829095247 -08:00
build/photos/moniteur/clemence.jpg: 2017-12-11 19:19:51.829688963 -08:00
build/photos/Ski-de-Fond-Orford_logos.png: 2017-12-11 19:19:51.827598975 -08:00
build/photos/le_coureur_logo_WHITE.png: 2017-12-11 19:19:51.828203947 -08:00
build/photos/le_coureur_logo.png: 2017-12-11 19:19:51.828011416 -08:00
