---
build/images/c2a.png: 2017-12-04 09:50:29.632023062 -08:00
build/images/title-top.png: 2017-12-04 09:47:45.852073013 -08:00
build/images/title-top@2x.png: 2017-12-04 09:47:46.121938847 -08:00
build/images/logo.png: 2017-12-04 09:47:46.423081764 -08:00
build/images/testimonials.png: 2017-12-04 09:48:34.911707698 -08:00
build/images/subscribe2.png: 2017-12-04 09:54:09.402068276 -08:00
build/images/hero-img9.jpg: 2017-12-04 09:50:31.331094486 -08:00
build/images/funfact4.png: 2017-12-04 09:51:39.792026315 -08:00
build/images/testimonials2.png: 2017-12-04 09:51:38.007227158 -08:00
build/images/diapo1.jpg: 2017-12-04 09:50:36.703315935 -08:00
build/images/diapo2.jpg: 2017-12-04 09:54:10.518693972 -08:00
build/apple-touch-icon-114x114-precomposed.png: 2017-12-04 09:54:09.548875737 -08:00
build/apple-touch-icon-152x152-precomposed.png: 2017-12-04 09:54:09.551928902 -08:00
build/favicon.png: 2017-12-04 09:54:09.543105643 -08:00
build/apple-touch-icon-72x72-precomposed.png: 2017-12-04 09:54:09.619287224 -08:00
build/photos/Logo_Parc_national_du_Mont-Orford.png: 2017-12-04 09:54:13.321024767
  -08:00
build/photos/ski_de_fond_diapo_2.jpg: 2017-12-04 09:54:15.487249736 -08:00
build/photos/ecoledeskidefondlecoureur.png: 2017-12-04 09:54:17.103686371 -08:00
build/photos/moniteur/annie.jpg: 2017-12-04 09:54:11.003553065 -08:00
build/photos/moniteur/isa.jpg: 2017-12-04 09:54:11.491209473 -08:00
build/photos/moniteur/jf.png: 2017-12-04 09:54:14.443488127 -08:00
build/photos/moniteur/michel.jpg: 2017-12-04 09:54:15.947294722 -08:00
build/photos/moniteur/carmen.jpg: 2017-12-04 09:54:17.623486405 -08:00
build/photos/moniteur/clemence.jpg: 2017-12-04 09:54:17.601322046 -08:00
build/photos/Ski-de-Fond-Orford_logos.png: 2017-12-04 09:54:19.464577235 -08:00
build/photos/le_coureur_logo_WHITE.png: 2017-12-04 09:54:25.432404036 -08:00
build/photos/le_coureur_logo.png: 2017-12-04 09:54:25.494728615 -08:00
